BATCH 1

-38.91104537327854
-65.28248381693928
-88.21405035336582
-108.60143636246292
-125.82986764689056
-129.23580961008636
-123.75615252633659
-111.82826818605037
-82.73223109622569
-41.24405361791224
-6.630849377113293
26.970500811142017
66.97533015827565
107.44998614410787
140.3459985099259
173.90790314893155
207.76320113162427
17.20257113794716
41.17407043198975
64.23196919183167
81.40102021316918
92.91958899716764
151.3029268525067
172.87508048037915
192.60923089007764
208.82845269064336
212.50721236984162
96.44288431028752
80.39893968324094
64.08586184601216
46.329924716753055
9.634823902648975
16.487684114975025
25.286846383613636
39.20242731193929
49.82436357359319
18.716728731197435
33.55431489567192
50.09483645777138
58.48882995466619
41.68574328641324
25.905581220192033
125.60591788510709
144.752800955576
160.16787816504865
165.35294206361203
149.3977199933949
135.06261359075933
-56.64824839015574
-32.96808357616038
-9.606515304046582
-1.9412413396415218
9.095104619068195
20.310733183425953
29.1827721438828
6.6089026771011845
-10.346272663074444
-24.709644631343792
-36.43170322557063
-47.28139837165446
-53.20009382148356
-23.95902825971217
-11.342797175842236
0.8618060193481938
25.7655135832253
1.0309969029846684
-11.670825795131634
-23.50313283582301

********************************************************************************************************************************

BATCH 2

16.775273218411144
 -18.343884982508484
 -46.05980474535829
 -70.57249657098657
 -88.24308643524057
 -90.43987543169862
 -78.51601190153963
 -60.97884155098802
 -28.53896940533525
 21.44166850264662
 54.658132426100906
 87.29454361613386
 125.9085340421974
 167.03914498503798
 202.17403530295485
 235.29258125241392
 268.7084023278534
 94.69243531640166
 124.05136205967062
 151.8493573960244
 171.32806130464667
 183.00979726727599
 240.44102772291296
 261.2644555565297
 278.6092089932739
 292.4336132552802
 293.99691819365614
 180.9468218010246
 162.29118298705214
 142.7282043617546
 123.21450006182783
 79.1953388374626
 87.73274647410506
 96.79733084853285
 111.34763526137465
 121.17839371379011
 100.05497678335303
 120.21627192910307
 136.80620416219824
 140.91592406447523
 125.23639982159727
 108.88316189463728
 205.07266353781813
 228.12881054695242
 243.4024630111038
 243.92387460883253
 230.99239250238531
 216.4062539559185
 13.09199833090895
 37.91320597346419
 60.20994495566481
 68.8830977600395
 80.67822491343611
 91.055627576667
 99.05543111975783
 79.82579921897047
 64.74717580493086
 49.974016300994094
 38.10609041865462
 25.822566620665725
 16.295730881053146
 46.97415756400221
 59.940072528678115
 71.27365302260512
 95.16513549502486
 75.81373416598433
 63.29944848235243
 51.200692765074905

 ********************************************************************************************************************************

 BATCH 3

 -30.292671538889408
 -65.41182973980904
 -93.12774950265884
 -117.64044132828712
 -135.31103119254112
 -137.50782018899918
 -125.58395665884018
 -108.04678630828857
 -75.6069141626358
 -25.62627625465393
 7.590187668800354
 40.22659885883331
 78.84058928489685
 119.97120022773743
 155.1060905456543
 188.22463649511337
 221.64045757055283
 47.624490559101105
 76.98341730237007
 104.78141263872385
 124.26011654734612
 135.94185250997543
 193.3730829656124
 214.19651079922915
 231.54126423597336
 245.36566849797964
 246.9289734363556
 133.87887704372406
 115.22323822975159
 95.66025960445404
 76.14655530452728
 32.12739408016205
 40.664801716804504
 49.7293860912323
 64.2796905040741
 74.11044895648956
 52.987032026052475
 73.14832717180252
 89.73825940489769
 93.84797930717468
 78.16845506429672
 61.81521713733673
 158.00471878051758
 181.06086578965187
 196.33451825380325
 196.85592985153198
 183.92444774508476
 169.33830919861794
 -33.9759464263916
 -9.154738783836365
 13.142000198364258
 21.815153002738953
 33.61028015613556
 43.987682819366455
 51.987486362457275
 32.75785446166992
 17.67923104763031
 2.9060715436935425
 -8.961854338645935
 -21.245378136634827
 -30.772213876247406
 -0.09378719329833984
 12.872127771377563
 24.205708265304565
 48.097190737724304
 28.745789408683777
 16.23150372505188
 4.132748007774353

 ********************************************************************************************************************************

 BATCH 4

 7.7157151014073975
 -28.588501473470103
 -59.032149558468234
 -84.79795164386786
 -106.58210867415227
 -113.16302233706273
 -104.45808510254182
 -89.8193558282689
 -57.95088203023232
 -7.02688313792504
 31.334915982977975
 67.00152676035606
 110.6853356831237
 156.34757755924903
 193.56888972450935
 230.4666861765548
 266.78316985298835
 79.40806241561614
 108.71432778467381
 135.7807783507272
 154.9397858553096
 166.1747581534549
 226.57612945367538
 248.84524393309795
 268.54752914835655
 285.693705546157
 287.8393687628671
 165.298403697507
 145.72131441761695
 125.1579941981002
 103.67735360790931
 58.220267879263986
 66.93131230999671
 76.44102774788581
 91.77335815359794
 103.050641822116
 81.17269219686233
 100.52226324607574
 118.0159633331462
 123.3857853882476
 105.78749506403648
 88.98684065272056
 192.31809796621047
 216.18833907176696
 232.62278397609435
 234.35508431722366
 219.21087251831733
 203.68972100545608
 -15.239159805281531
 11.383591937319864
 35.55892817904197
 44.043095039622415
 57.19402729202949
 68.39463876415931
 77.93766419817649
 54.5598986618682
 36.54467188049995
 20.628809081809152
 8.692971812979806
 -4.035295826895606
 -11.893751663668525
 19.986286627547372
 34.18622420956336
 46.39844601084434
 73.53659676243507
 49.312575625674356
 35.69174354006492
 23.00744019676887

 ********************************************************************************************************************************

 BATCH 5

 14.812520295318421
 -22.19577564305419
 -53.76928694552535
 -80.57903762168044
 -103.47138850397224
 -111.21637777990455
 -103.60943542427177
 -90.23526595539204
 -59.68641529983631
 -10.247470244828378
 28.1564606576527
 63.01587666564831
 106.54541338973888
 152.49644292884716
 190.13176180415996
 228.4210530667866
 265.2941967993344
 86.61271087818986
 116.12142787867434
 142.60062429302582
 161.4465139656628
 171.90112315112003
 228.88142921024212
 249.99512343102344
 268.39574621611484
 284.4954936056698
 285.8876852839554
 168.0278915911282
 147.50259782367596
 126.35512997203716
 103.95677818351635
 59.02198530727276
 67.29822708660015
 76.35962750011333
 91.45535983138927
 102.33743323379406
 88.32918120914346
 107.9383843689526
 124.70909102254757
 128.62122876935848
 111.74429233365902
 95.58800913387188
 193.21629138284572
 217.28089214855083
 233.07120056444057
 233.53638906770595
 219.13033570342907
 204.50609220558056
 -13.568441137734567
 12.420505538519706
 36.04166759544262
 44.11296500259289
 56.97023428970226
 67.52308954292187
 75.9645148664082
 52.89839400344738
 35.54312218719372
 20.102905884322013
 8.692923203047599
 -3.1534868330394374
 -10.370067700806771
 20.454274073180045
 34.06978668266186
 45.90369023376354
 71.66452540450939
 48.646038427885856
 35.676643982466544
 23.724211350020255

 ********************************************************************************************************************************

 BATCH 6

 14.527535602817409
 -22.45412413739217
 -53.474657214810975
 -79.60126090758101
 -102.37785629891411
 -109.83558359705464
 -102.29522439800755
 -88.98277899586219
 -57.673280626168435
 -7.769038349023049
 30.804120630392845
 65.79970058835488
 109.63078275359612
 155.50406345761758
 192.9827233854626
 231.13100960887417
 268.10432542897206
 85.09163646436679
 114.02595194465863
 140.3254127729629
 159.17049892283424
 169.80149105227932
 228.88938240743622
 250.1699206460212
 269.25297519601327
 286.24808843470555
 288.64462355561
 167.4116259369944
 146.30967766083225
 124.35163340009197
 101.9474183026646
 57.73172429240688
 65.70739936865311
 74.64545574820977
 89.92030775583726
 100.99258136785969
 87.24813176728236
 106.7496303770636
 123.83951522446617
 127.82053929604038
 110.74602639711841
 94.2937617305611
 194.18352475799068
 218.67519357837185
 234.67670404947742
 235.42894938624843
 220.48138120807155
 205.56936571038707
 -14.23273855411071
 10.712857455382164
 33.549212485918815
 41.49406656659585
 54.2911194864605
 65.17152193225365
 75.65070316232186
 53.49723616279107
 36.74236908591729
 21.993958980212028
 10.573979944357689
 -1.8735825415756153
 -10.973929494252388
 18.525048762926872
 32.07758250869256
 43.89544203914147
 71.4749380651806
 49.253368467459495
 36.70569059289437
 24.758140415320213

 ********************************************************************************************************************************

 BATCH 7

 15.489984316858909
 -21.737447725501397
 -52.90956685867582
 -79.1817176136044
 -102.19566980924878
 -109.84418817785058
 -102.51154447522435
 -89.58777103748594
 -58.89567101922307
 -8.6846362444428
 29.856330743167064
 65.06900226149287
 108.95874862942424
 155.2021242884132
 193.27751963410105
 231.92615400824275
 269.20786475214686
 86.79057594213214
 116.07767803046433
 142.64131589058366
 161.57061945471492
 172.48020099673
 231.9018700179788
 252.98972704086032
 271.78822829398837
 288.3097991255256
 290.68705155524935
 169.3414268997642
 148.05166279349055
 126.0578666237327
 103.67259090218272
 59.21950881752696
 67.32648997578349
 76.1099803951713
 91.24625866684642
 102.27753185305323
 88.4010406044456
 107.92507936629977
 125.10244779858317
 129.3054377344581
 112.01141657504763
 95.46062912616458
 195.8762362209293
 220.21089090976443
 236.17484559688296
 237.0210578349563
 221.8274198380443
 206.86047967347827
 -13.070074418452123
 11.883559754225871
 34.57522373470988
 42.52782516751017
 55.48046707186427
 66.36793487343516
 77.02094226155009
 54.47081594738688
 37.44319217476573
 22.470676710936687
 11.149822166297099
 -1.1623064669636278
 -9.947187760737279
 19.5537893084022
 33.0321805981132
 44.95365994248118
 72.8857533243629
 50.11283211979594
 37.51736765179362
 25.540427794787547

 ********************************************************************************************************************************

BATCH 8

13.535082860026023
-23.62332923885856
-54.539129497375825
-80.62696948823009
-103.31898691680703
-110.64552062180314
-103.21966631140981
-89.97026781168256
-58.6746681424645
-7.7628443333176165
31.293861081931254
66.8366216925117
110.8436418679687
157.10474192175593
195.2270169166061
233.77673541578974
271.3681348768207
83.47408164117064
112.79121648344723
139.40454492542472
158.40772541436877
169.4062953052255
230.24587454471316
252.1667374131414
271.9284928647014
289.24339597496714
292.05881018016066
167.65269239816394
146.52573185238566
124.4037893918487
102.14337842735972
57.72894155058589
65.96366631064143
74.95224576267924
90.28510724577632
101.64146219763484
85.1097061542007
104.82321902188983
122.31218980822291
126.88449188146319
109.16435395750727
92.2861038950416
195.30266781720843
220.1237751451465
236.5092336443397
237.8253034857246
222.2654191461536
206.73705123934474
-14.067941585448125
10.893294116589686
33.50026403937068
41.73767160448756
54.7998151687118
66.02041768107142
77.18152593645777
54.39622258219447
37.00453119549479
21.987459709975383
10.487201264235637
-2.0574881824520617
-10.878483543064931
18.7645226028892
32.41589217457499
44.42224746021952
72.90791653666224
49.593974938723704
36.84689562592234
24.706905594203135