BATCH ONE

-83.90426824986935
 -110.27570669353008
 -133.20727322995663
 -153.59465923905373
 -170.82309052348137
 -174.22903248667717
 -168.7493754029274
 -156.82149106264114
 -127.72545397281647
 -86.23727649450302
 -51.62407225370407
 -18.02272206544876
 21.982107281684875
 62.45676326751709
 95.35277563333511
 128.91468027234077
 162.7699782550335
 -27.790651738643646
 -3.819152444601059
 19.23874631524086
 36.40779733657837
 47.92636612057686
 106.30970397591591
 127.88185760378838
 147.61600801348686
 163.83522981405258
 167.51398949325085
 51.44966143369675
 35.40571680665016
 19.092638969421387
 1.3367018401622772
 -35.3583989739418
 -28.505538761615753
 -19.706376492977142
 -5.790795564651489
 4.831140697002411
 -26.27649414539337
 -11.438907980918884
 5.1016135811805725
 13.495607078075409
 -3.307479590177536
 -19.087641656398773
 80.61269500851631
 99.75957807898521
 115.17465528845787
 120.35971918702126
 104.40449711680412
 90.06939071416855
 -101.64147126674652
 -77.96130645275116
 -54.59973818063736
 -46.9344642162323
 -35.89811825752258
 -24.682489693164825
 -15.810450732707977
 -38.38432019948959
 -55.33949553966522
 -69.70286750793457
 -81.42492610216141
 -92.27462124824524
 -98.19331669807434
 -68.95225113630295
 -56.336020052433014
 -44.131416857242584
 -19.22770929336548
 -43.96222597360611
 -56.66404867172241
 -68.49635571241379

 ********************************************************************************************************************************

 BATCH 2

 -30.292671538889408
 -65.41182973980904
 -93.12774950265884
 -117.64044132828712
 -135.31103119254112
 -137.50782018899918
 -125.58395665884018
 -108.04678630828857
 -75.6069141626358
 -25.62627625465393
 7.590187668800354
 40.22659885883331
 78.84058928489685
 119.97120022773743
 155.1060905456543
 188.22463649511337
 221.64045757055283
 47.624490559101105
 76.98341730237007
 104.78141263872385
 124.26011654734612
 135.94185250997543
 193.3730829656124
 214.19651079922915
 231.54126423597336
 245.36566849797964
 246.9289734363556
 133.87887704372406
 115.22323822975159
 95.66025960445404
 76.14655530452728
 32.12739408016205
 40.664801716804504
 49.7293860912323
 64.2796905040741
 74.11044895648956
 52.987032026052475
 73.14832717180252
 89.73825940489769
 93.84797930717468
 78.16845506429672
 61.81521713733673
 158.00471878051758
 181.06086578965187
 196.33451825380325
 196.85592985153198
 183.92444774508476
 169.33830919861794
 -33.9759464263916
 -9.154738783836365
 13.142000198364258
 21.815153002738953
 33.61028015613556
 43.987682819366455
 51.987486362457275
 32.75785446166992
 17.67923104763031
 2.9060715436935425
 -8.961854338645935
 -21.245378136634827
 -30.772213876247406
 -0.09378719329833984
 12.872127771377563
 24.205708265304565
 48.097190737724304
 28.745789408683777
 16.23150372505188
 4.132748007774353

 ********************************************************************************************************************************

 BATCH 3 

 -40.47390794381499
 -76.7781245186925
 -107.22177260369062
 -132.98757468909025
 -154.77173171937466
 -161.35264538228512
 -152.6477081477642
 -138.0089788734913
 -106.14050507545471
 -55.21650618314743
 -16.854707062244415
 18.811903715133667
 62.495712637901306
 108.15795451402664
 145.37926667928696
 182.2770631313324
 218.59354680776596
 31.218439370393753
 60.52470473945141
 87.5911553055048
 106.7501628100872
 117.9851351082325
 178.386506408453
 200.65562088787556
 220.35790610313416
 237.5040825009346
 239.6497457176447
 117.10878065228462
 97.53169137239456
 76.96837115287781
 55.48773056268692
 10.030644834041595
 18.741689264774323
 28.25140470266342
 43.58373510837555
 54.861018776893616
 32.98306915163994
 52.33264020085335
 69.82634028792381
 75.19616234302521
 57.59787201881409
 40.79721760749817
 144.12847492098808
 167.99871602654457
 184.43316093087196
 186.16546127200127
 171.02124947309494
 155.5000979602337
 -63.42878285050392
 -36.80603110790253
 -12.63069486618042
 -4.146528005599976
 9.004404246807098
 20.20501571893692
 29.7480411529541
 6.370275616645813
 -11.644951164722443
 -27.56081396341324
 -39.496651232242584
 -52.224918872117996
 -60.083374708890915
 -28.20333641767502
 -14.003398835659027
 -1.7911770343780518
 25.346973717212677
 1.1229525804519653
 -12.49787950515747
 -25.18218284845352

 **********************************************************************************************************************

 BATCH 4

 -33.96204863488674
 -70.97034457325935
 -102.54385587573051
 -129.3536065518856
 -152.2459574341774
 -159.9909467101097
 -152.38400435447693
 -139.00983488559723
 -108.4609842300415
 -59.02203917503357
 -20.61810827255249
 14.241307735443115
 57.77084445953369
 103.72187399864197
 141.35719287395477
 179.64648413658142
 216.51962786912918
 37.838141947984695
 67.34685894846916
 93.82605536282063
 112.67194503545761
 123.12655422091484
 180.10686028003693
 201.22055450081825
 219.62117728590965
 235.72092467546463
 237.11311635375023
 119.253322660923
 98.72802889347076
 77.58056104183197
 55.18220925331116
 10.247416377067566
 18.52365815639496
 27.585058569908142
 42.68079090118408
 53.56286430358887
 39.55461227893829
 59.163815438747406
 75.93452209234238
 79.84665983915329
 62.96972340345383
 46.81344020366669
 144.44172245264053
 168.50632321834564
 184.29663163423538
 184.76182013750076
 170.35576677322388
 155.73152327537537
 -62.34301006793976
 -36.354063391685486
 -12.732901334762573
 -4.661603927612305
 8.19566535949707
 18.748520612716675
 27.189945936203003
 4.1238250732421875
 -13.231446743011475
 -28.67166304588318
 -40.08164572715759
 -51.92805576324463
 -59.14463663101196
 -28.320294857025146
 -14.704782247543335
 -2.8708786964416504
 22.8899564743042
 -0.12853050231933594
 -13.097924947738647
 -25.050357580184937

 *******************************************************************************************************************************

 BATCH 5

 